% Question (i)
zeta =

   -0.0384
   -0.0192
         0
    0.0192
    0.0384

% Transition Matrix
P =

    0.9727    0.0273    0.0000         0         0
    0.0041    0.9806    0.0153    0.0000         0
    0.0000    0.0082    0.9837    0.0082    0.0000
    0.0000    0.0000    0.0153    0.9806    0.0041
    0.0000    0.0000    0.0000    0.0273    0.9727

%Asymptotic Distribution
P_Asym =

    0.0361    0.2392    0.4494    0.2392    0.0361
    0.0361    0.2392    0.4494    0.2392    0.0361
    0.0361    0.2392    0.4494    0.2392    0.0361
    0.0361    0.2392    0.4494    0.2392    0.0361
    0.0361    0.2392    0.4494    0.2392    0.0361

    % Verification
xFix =

    0.0361    0.2392    0.4494    0.2392    0.0361