% First 2 Guesses
ans =

    0.7500    0.8000
    0.8700    0.8000

% 3rd Guess
ans =

   1.0e+03 *

    0.0010    2.1990